Loss: 0.3565610647201538
Accuracy: 0.9194999933242798
