Loss: 0.23659615218639374
Accuracy: 0.921999990940094
